locations:
  - name: San Francisco
    lat: 37.803036
    lng: -122.427451
    first_visited: 1993-07-30 # not sure what date format I want here
  - name: New Orleans
    lat: 29.938749
    lng: -90.118958
    first_visited: 2011-28-08
